image: slam_toolbox_map.pgm
mode: trinary
resolution: 0.030000
origin: [-5.079445, -6.012870, 0.000000]
negate: 0
occupied_thresh: 0.65
free_thresh: 0.25
