image: mapped_area_20260505_014519.pgm
mode: trinary
resolution: 0.050000
origin: [-5.024294, -5.211922, 0.000000]
negate: 0
occupied_thresh: 0.65
free_thresh: 0.25
