image: mapped_area_20260505_012437.pgm
mode: trinary
resolution: 0.050000
origin: [-6.050000, -5.867714, 0.000000]
negate: 0
occupied_thresh: 0.65
free_thresh: 0.25
