image: mapped_area_20260505_021307.pgm
mode: trinary
resolution: 0.050000
origin: [-5.281287, -5.871584, 0.000000]
negate: 0
occupied_thresh: 0.65
free_thresh: 0.25
