image: mapped_area_20260505_012547.pgm
mode: trinary
resolution: 0.050000
origin: [-6.215239, -6.530902, 0.000000]
negate: 0
occupied_thresh: 0.65
free_thresh: 0.25
