image: mapped_area_20260505_024309.pgm
mode: trinary
resolution: 0.050000
origin: [-3.507826, -5.438021, 0.000000]
negate: 0
occupied_thresh: 0.65
free_thresh: 0.25
